1644397811867 0.16721917688846588 0
1644397814317 0.31977757811546326 1
1644397816913 0.22120752930641174 2
1644397819319 0.18409274518489838 3
1644397821729 0.1822812706232071 4
1644397824422 0.16905994713306427 5
1644397826838 0.15823812782764435 6
1644397829214 0.15219736099243164 7
1644397831610 0.1563223898410797 8
1644397834058 0.1529730260372162 9
1644397836989 0.15687993168830872 10
1644397839410 0.14950203895568848 11
1644397841855 0.14536751806735992 12
1644397844621 0.15118589997291565 13
1644397847156 0.14694519340991974 14
1644397849889 0.1488000452518463 15
1644397852347 0.1494341492652893 16
1644397854798 0.14831499755382538 17
1644397857227 0.14528951048851013 18
1644397859758 0.141835018992424 19
