1644397736523 0.1741160899400711 0
1644397736600 0.17914031445980072 1
1644397736641 0.19026225805282593 2
1644397736680 0.15509507060050964 3
1644397736708 0.17085148394107819 4
1644397736740 0.14594990015029907 5
1644397736790 0.15863846242427826 6
1644397736826 0.17883636057376862 7
1644397736853 0.15910115838050842 8
1644397736880 0.1741645634174347 9
1644397736908 0.1639215499162674 10
1644397736931 0.1774836778640747 11
1644397736956 0.15345512330532074 12
1644397736978 0.1446363478899002 13
1644397737001 0.1578170657157898 14
1644397737024 0.15266919136047363 15
1644397737049 0.15200699865818024 16
1644397737073 0.16423115134239197 17
1644397737098 0.16591203212738037 18
1644397737132 0.16587215662002563 19
1644397737157 0.16197586059570312 20
1644397737179 0.15311045944690704 21
1644397737203 0.16924156248569489 22
1644397737227 0.16532814502716064 23
1644397737250 0.15058600902557373 24
1644397737276 0.17090173065662384 25
1644397737300 0.15298523008823395 26
1644397737325 0.16753651201725006 27
1644397737352 0.13951444625854492 28
1644397737376 0.1619437038898468 29
1644397737399 0.15779432654380798 30
1644397737423 0.14149098098278046 31
1644397737448 0.17281131446361542 32
1644397737473 0.13422484695911407 33
1644397737496 0.16195335984230042 34
1644397737519 0.16380062699317932 35
1644397737546 0.15832698345184326 36
1644397737568 0.14481686055660248 37
1644397737595 0.1535378098487854 38
1644397737621 0.18999910354614258 39
1644397737647 0.1446642279624939 40
1644397737674 0.15210013091564178 41
1644397737698 0.16962482035160065 42
1644397737723 0.16024146974086761 43
1644397737749 0.154185488820076 44
1644397737776 0.14437523484230042 45
1644397737800 0.1386958360671997 46
1644397737821 0.14929533004760742 47
1644397737846 0.14769724011421204 48
1644397737867 0.14733310043811798 49
1644397737892 0.1515653282403946 50
1644397737919 0.13300274312496185 51
1644397737945 0.17276298999786377 52
1644397737982 0.1453113555908203 53
1644397738007 0.14419975876808167 54
1644397738030 0.17512302100658417 55
1644397738057 0.16178619861602783 56
1644397738082 0.15570427477359772 57
1644397738105 0.14237824082374573 58
1644397738139 0.14937467873096466 59
1644397738166 0.12981350719928741 60
1644397738189 0.15923145413398743 61
1644397738216 0.140201136469841 62
1644397738241 0.1370992362499237 63
1644397738267 0.1502566933631897 64
1644397738290 0.1603400856256485 65
1644397738317 0.13325053453445435 66
1644397738342 0.15146254003047943 67
1644397738373 0.12832625210285187 68
1644397738400 0.14874157309532166 69
1644397738425 0.1358477920293808 70
1644397738448 0.1524973064661026 71
1644397738476 0.15647754073143005 72
1644397738523 0.14923544228076935 73
1644397738586 0.14812472462654114 74
1644397738631 0.14813002943992615 75
1644397738662 0.13058620691299438 76
1644397738691 0.14987719058990479 77
1644397738716 0.15553231537342072 78
1644397738738 0.14061151444911957 79
1644397738761 0.16410624980926514 80
1644397738789 0.14616328477859497 81
1644397738813 0.145862877368927 82
1644397738843 0.14283035695552826 83
1644397738869 0.1676562875509262 84
1644397738898 0.1403695046901703 85
1644397738925 0.14021261036396027 86
1644397738952 0.14785100519657135 87
1644397738984 0.18069587647914886 88
1644397739012 0.15361720323562622 89
1644397739035 0.16316799819469452 90
1644397739058 0.15860529243946075 91
1644397739097 0.1616264134645462 92
1644397739145 0.15272825956344604 93
1644397739193 0.14135022461414337 94
1644397739236 0.1311505287885666 95
1644397739278 0.14612731337547302 96
1644397739316 0.13761648535728455 97
1644397739353 0.1625175029039383 98
1644397739390 0.1405484825372696 99
1644397739427 0.16112633049488068 100
1644397739480 0.11424630135297775 101
1644397739527 0.13186433911323547 102
1644397739571 0.13985806703567505 103
1644397739606 0.15398719906806946 104
1644397739650 0.14511947333812714 105
1644397739705 0.1560514271259308 106
1644397739747 0.1684635579586029 107
1644397739787 0.15507599711418152 108
1644397739822 0.1410188525915146 109
1644397739857 0.14185774326324463 110
1644397739896 0.12149188667535782 111
1644397739961 0.1424819529056549 112
1644397739995 0.1418464332818985 113
1644397740038 0.13968777656555176 114
1644397740084 0.15157093107700348 115
1644397740119 0.1455601155757904 116
1644397740164 0.15815913677215576 117
1644397740199 0.1543087363243103 118
1644397740229 0.14744523167610168 119
1644397740257 0.15952597558498383 120
1644397740282 0.1443101316690445 121
1644397740310 0.12129612267017365 122
1644397740332 0.16241399943828583 123
1644397740355 0.14114828407764435 124
1644397740381 0.14513260126113892 125
1644397740405 0.1364837884902954 126
1644397740428 0.146196186542511 127
1644397740449 0.138327956199646 128
1644397740471 0.16919231414794922 129
1644397740492 0.15101340413093567 130
1644397740522 0.16147011518478394 131
1644397740550 0.14479951560497284 132
1644397740587 0.15092268586158752 133
1644397740612 0.16788503527641296 134
1644397740640 0.14812007546424866 135
1644397740672 0.1381891667842865 136
1644397740699 0.13508643209934235 137
1644397740721 0.1485983431339264 138
1644397740743 0.1301458328962326 139
1644397740765 0.14211364090442657 140
1644397740787 0.15650641918182373 141
1644397740812 0.13250300288200378 142
1644397740837 0.14206860959529877 143
1644397740862 0.15373733639717102 144
1644397740887 0.15477785468101501 145
1644397740933 0.14857123792171478 146
1644397740995 0.1588975489139557 147
1644397741020 0.1629258692264557 148
1644397741041 0.17618213593959808 149
1644397741061 0.15667742490768433 150
1644397741085 0.15800321102142334 151
1644397741107 0.13930320739746094 152
1644397741127 0.17462852597236633 153
1644397741144 0.1657770276069641 154
1644397741163 0.14046087861061096 155
1644397741184 0.1424912065267563 156
1644397741208 0.14244940876960754 157
1644397741227 0.1360870748758316 158
1644397741249 0.16086715459823608 159
1644397741271 0.14934417605400085 160
1644397741295 0.14548276364803314 161
1644397741315 0.1396627426147461 162
1644397741338 0.1356412172317505 163
1644397741360 0.1437619924545288 164
1644397741386 0.14358045160770416 165
1644397741406 0.15485194325447083 166
1644397741426 0.13371464610099792 167
1644397741445 0.1594492644071579 168
1644397741464 0.13987310230731964 169
1644397741487 0.15579834580421448 170
1644397741508 0.12651805579662323 171
1644397741533 0.15312433242797852 172
1644397741554 0.12195315212011337 173
1644397741578 0.143289715051651 174
1644397741601 0.13678798079490662 175
1644397741623 0.15146051347255707 176
1644397741643 0.15543124079704285 177
1644397741667 0.12345420569181442 178
1644397741689 0.13503235578536987 179
1644397741709 0.13037249445915222 180
1644397741731 0.13127870857715607 181
1644397741753 0.14833123981952667 182
1644397741769 0.14368882775306702 183
1644397741788 0.14159446954727173 184
1644397741806 0.14084556698799133 185
1644397741830 0.141062393784523 186
1644397741853 0.16386322677135468 187
1644397741876 0.1523274928331375 188
1644397741901 0.15943753719329834 189
1644397741922 0.15002991259098053 190
1644397741944 0.12892110645771027 191
1644397741967 0.13288426399230957 192
1644397741988 0.13558492064476013 193
1644397742008 0.14869838953018188 194
1644397742029 0.13954392075538635 195
1644397742047 0.13732574880123138 196
1644397742064 0.13896770775318146 197
1644397742088 0.13816581666469574 198
1644397742107 0.1397465020418167 199
1644397742129 0.1273753046989441 200
1644397742152 0.14250536262989044 201
1644397742176 0.16372694075107574 202
1644397742196 0.13202740252017975 203
1644397742217 0.14138935506343842 204
1644397742240 0.16398067772388458 205
1644397742261 0.1382218599319458 206
1644397742281 0.15474964678287506 207
1644397742300 0.14755359292030334 208
1644397742322 0.1310344636440277 209
1644397742341 0.12063687294721603 210
1644397742362 0.13202263414859772 211
1644397742388 0.16434599459171295 212
1644397742417 0.12766538560390472 213
1644397742435 0.15200071036815643 214
1644397742453 0.13545234501361847 215
1644397742472 0.13816116750240326 216
1644397742494 0.14368316531181335 217
1644397742517 0.14800311625003815 218
1644397742540 0.13674382865428925 219
1644397742563 0.1487482637166977 220
1644397742585 0.1528676599264145 221
1644397742603 0.1576722413301468 222
1644397742625 0.14173540472984314 223
1644397742650 0.15290798246860504 224
1644397742668 0.1491437405347824 225
1644397742689 0.11656942963600159 226
1644397742711 0.14570671319961548 227
1644397742731 0.11918289214372635 228
1644397742750 0.1279526948928833 229
1644397742768 0.15459378063678741 230
1644397742793 0.16445370018482208 231
1644397742810 0.1447950005531311 232
1644397742826 0.14810962975025177 233
1644397742845 0.14525865018367767 234
1644397742868 0.13899420201778412 235
1644397742888 0.11471373587846756 236
1644397742911 0.14236360788345337 237
1644397742934 0.1446266919374466 238
1644397742955 0.17587150633335114 239
1644397742978 0.15012474358081818 240
1644397743000 0.1726975440979004 241
1644397743020 0.16426575183868408 242
1644397743042 0.13435031473636627 243
1644397743063 0.14676755666732788 244
1644397743084 0.13431674242019653 245
1644397743107 0.1546662300825119 246
1644397743130 0.13244201242923737 247
1644397743154 0.12186843901872635 248
1644397743171 0.14845958352088928 249
1644397743191 0.14649413526058197 250
1644397743212 0.15908020734786987 251
1644397743232 0.14969424903392792 252
1644397743252 0.15267203748226166 253
1644397743270 0.14483480155467987 254
1644397743289 0.14987677335739136 255
1644397743309 0.1385592520236969 256
1644397743331 0.1368786245584488 257
1644397743351 0.13476653397083282 258
1644397743373 0.17384833097457886 259
1644397743394 0.12337808310985565 260
1644397743414 0.14652065932750702 261
1644397743432 0.14188969135284424 262
1644397743453 0.15724191069602966 263
1644397743472 0.17676448822021484 264
1644397743492 0.15363329648971558 265
1644397743513 0.14542171359062195 266
1644397743536 0.15322665870189667 267
1644397743560 0.13558544218540192 268
1644397743586 0.16503635048866272 269
1644397743607 0.14449849724769592 270
1644397743631 0.15474708378314972 271
1644397743652 0.15705284476280212 272
1644397743674 0.13593825697898865 273
1644397743696 0.14346416294574738 274
1644397743720 0.15342216193675995 275
1644397743742 0.13925214111804962 276
1644397743763 0.11438975483179092 277
1644397743784 0.13507167994976044 278
1644397743806 0.15794233977794647 279
1644397743828 0.14689446985721588 280
1644397743854 0.14641501009464264 281
1644397743881 0.16088169813156128 282
1644397743906 0.12092557549476624 283
1644397743927 0.15946529805660248 284
1644397743944 0.15232111513614655 285
1644397743967 0.13029144704341888 286
1644397743989 0.15143273770809174 287
1644397744010 0.1515071541070938 288
1644397744029 0.15651002526283264 289
1644397744049 0.152098149061203 290
1644397744072 0.15787674486637115 291
1644397744092 0.14490267634391785 292
1644397744110 0.15330220758914948 293
1644397744131 0.13252389430999756 294
1644397744153 0.11983244866132736 295
1644397744175 0.15832965075969696 296
1644397744194 0.14346130192279816 297
1644397744215 0.1466391384601593 298
1644397744236 0.14400920271873474 299
1644397744257 0.14970368146896362 300
1644397744278 0.15050368010997772 301
1644397744297 0.15802593529224396 302
1644397744317 0.15582071244716644 303
1644397744339 0.166538804769516 304
1644397744358 0.1621573120355606 305
1644397744380 0.1270616352558136 306
1644397744401 0.15625619888305664 307
1644397744421 0.13373532891273499 308
1644397744442 0.1694478839635849 309
1644397744462 0.14693936705589294 310
1644397744481 0.14276568591594696 311
1644397744502 0.152538001537323 312
1644397744522 0.1351868212223053 313
1644397744544 0.12924042344093323 314
1644397744561 0.18109945952892303 315
1644397744583 0.1419396996498108 316
1644397744604 0.1449064016342163 317
1644397744627 0.13941071927547455 318
1644397744648 0.1350959837436676 319
1644397744670 0.16794295608997345 320
1644397744692 0.16666506230831146 321
1644397744711 0.17458023130893707 322
1644397744731 0.15486763417720795 323
1644397744752 0.15663135051727295 324
1644397744771 0.16496814787387848 325
1644397744789 0.152370885014534 326
1644397744809 0.16931915283203125 327
1644397744830 0.1615309864282608 328
1644397744851 0.15947383642196655 329
1644397744875 0.1351194530725479 330
1644397744897 0.13796162605285645 331
1644397744915 0.11764601618051529 332
1644397744931 0.1568213701248169 333
1644397744949 0.1490774303674698 334
1644397744969 0.13674014806747437 335
1644397744996 0.14849580824375153 336
1644397745017 0.16521964967250824 337
1644397745040 0.13586248457431793 338
1644397745062 0.14285802841186523 339
1644397745087 0.1529238075017929 340
1644397745108 0.13071195781230927 341
1644397745130 0.16079621016979218 342
1644397745145 0.1477002650499344 343
1644397745166 0.17121364176273346 344
1644397745186 0.13810157775878906 345
1644397745205 0.16477961838245392 346
1644397745226 0.13112246990203857 347
1644397745248 0.15396341681480408 348
1644397745272 0.1387956738471985 349
1644397745292 0.16320553421974182 350
1644397745313 0.15489698946475983 351
1644397745336 0.13331757485866547 352
1644397745356 0.14233505725860596 353
1644397745379 0.15849758684635162 354
1644397745403 0.15576879680156708 355
1644397745424 0.14151784777641296 356
1644397745445 0.14165444672107697 357
1644397745466 0.1512257605791092 358
1644397745490 0.147917702794075 359
1644397745516 0.17021934688091278 360
1644397745539 0.16475754976272583 361
1644397745559 0.14492641389369965 362
1644397745578 0.14416740834712982 363
1644397745600 0.1612316370010376 364
1644397745625 0.13949325680732727 365
1644397745651 0.14875195920467377 366
1644397745678 0.17951706051826477 367
1644397745699 0.13994759321212769 368
1644397745720 0.12343715876340866 369
1644397745739 0.14483045041561127 370
1644397745758 0.16479408740997314 371
1644397745779 0.14360637962818146 372
1644397745801 0.1567203551530838 373
1644397745822 0.16089530289173126 374
1644397745842 0.12535014748573303 375
1644397745863 0.14678363502025604 376
1644397745888 0.14145508408546448 377
1644397745912 0.13048498332500458 378
1644397745938 0.14347627758979797 379
1644397745959 0.15731047093868256 380
1644397745985 0.1349838376045227 381
1644397746011 0.16875332593917847 382
1644397746040 0.14790692925453186 383
1644397746066 0.1604151874780655 384
1644397746089 0.1244305670261383 385
1644397746107 0.1724652647972107 386
1644397746132 0.15130725502967834 387
1644397746171 0.144472137093544 388
1644397746195 0.15186455845832825 389
1644397746215 0.14965420961380005 390
1644397746235 0.14849735796451569 391
1644397746260 0.16245874762535095 392
1644397746281 0.1410684585571289 393
1644397746303 0.15092384815216064 394
1644397746324 0.1473320573568344 395
1644397746349 0.13842390477657318 396
1644397746373 0.16256067156791687 397
1644397746393 0.1607225090265274 398
1644397746416 0.13544219732284546 399
1644397746769 0.14076463878154755 400
1644397746793 0.12956292927265167 401
1644397746814 0.14776793122291565 402
1644397746838 0.1593037098646164 403
1644397746863 0.13289807736873627 404
1644397746882 0.14505375921726227 405
1644397746901 0.1485900729894638 406
1644397746920 0.1500283032655716 407
1644397746943 0.1533433347940445 408
1644397746965 0.13645067811012268 409
1644397746986 0.15640069544315338 410
1644397747011 0.1658141314983368 411
1644397747037 0.1442897468805313 412
1644397747056 0.14083631336688995 413
1644397747078 0.13629263639450073 414
1644397747099 0.13654731214046478 415
1644397747124 0.16607563197612762 416
1644397747145 0.1451921910047531 417
1644397747183 0.15507453680038452 418
1644397747207 0.13765794038772583 419
1644397747229 0.14952035248279572 420
1644397747249 0.16451971232891083 421
1644397747269 0.14875653386116028 422
1644397747292 0.12132241576910019 423
1644397747313 0.1489192545413971 424
1644397747338 0.14614611864089966 425
1644397747364 0.150803804397583 426
1644397747384 0.14228478074073792 427
1644397747405 0.14619456231594086 428
1644397747429 0.15668617188930511 429
1644397747450 0.15837661921977997 430
1644397747474 0.14736708998680115 431
1644397747494 0.15481139719486237 432
1644397747518 0.14338251948356628 433
1644397747539 0.1410648226737976 434
1644397747558 0.1603568196296692 435
1644397747578 0.14506466686725616 436
1644397747597 0.15907855331897736 437
1644397747617 0.1566561609506607 438
1644397747637 0.15992040932178497 439
1644397747660 0.14542587101459503 440
1644397747682 0.14566770195960999 441
1644397747705 0.14695081114768982 442
1644397747728 0.15239928662776947 443
1644397747752 0.15356941521167755 444
1644397747779 0.13994096219539642 445
1644397747804 0.1542702317237854 446
1644397747830 0.13542114198207855 447
1644397747852 0.14901168644428253 448
1644397747874 0.1468466967344284 449
1644397747894 0.14408399164676666 450
1644397747914 0.14837436378002167 451
1644397747940 0.16751736402511597 452
1644397747965 0.14662885665893555 453
1644397747988 0.1420188546180725 454
1644397748013 0.140051931142807 455
1644397748040 0.13869835436344147 456
1644397748062 0.13831278681755066 457
1644397748086 0.14651674032211304 458
1644397748111 0.16658927500247955 459
1644397748138 0.13107804954051971 460
1644397748160 0.15117700397968292 461
1644397748184 0.12605351209640503 462
1644397748207 0.1453559845685959 463
1644397748225 0.12383590638637543 464
1644397748245 0.12508584558963776 465
1644397748264 0.12833739817142487 466
1644397748285 0.13302232325077057 467
1644397748306 0.1325799524784088 468
1644397748323 0.14985594153404236 469
1644397748340 0.1449325531721115 470
1644397748362 0.14646458625793457 471
1644397748382 0.15173031389713287 472
1644397748403 0.1643313616514206 473
1644397748423 0.13057459890842438 474
1644397748444 0.14454159140586853 475
1644397748464 0.1290745884180069 476
1644397748484 0.15128666162490845 477
1644397748505 0.15127268433570862 478
1644397748526 0.1695670634508133 479
1644397748546 0.1693706512451172 480
1644397748565 0.1314658522605896 481
1644397748588 0.1554822325706482 482
1644397748611 0.14426611363887787 483
1644397748632 0.1326713114976883 484
1644397748653 0.16321387887001038 485
1644397748675 0.13409727811813354 486
1644397748699 0.13951431214809418 487
1644397748723 0.13883188366889954 488
1644397748744 0.14756210148334503 489
1644397748776 0.12611088156700134 490
1644397748799 0.14936666190624237 491
1644397748823 0.140273779630661 492
1644397748845 0.16580551862716675 493
1644397748866 0.15553434193134308 494
1644397748891 0.15255919098854065 495
1644397748918 0.14623545110225677 496
1644397748948 0.14680339395999908 497
1644397748975 0.13799446821212769 498
1644397748997 0.1526098996400833 499
1644397749027 0.14009389281272888 500
1644397749059 0.14670772850513458 501
1644397749080 0.15066170692443848 502
1644397749104 0.14148502051830292 503
1644397749128 0.1421521157026291 504
1644397749151 0.14871710538864136 505
1644397749171 0.14593654870986938 506
1644397749190 0.15743987262248993 507
1644397749209 0.14005792140960693 508
1644397749230 0.16204959154129028 509
1644397749250 0.1277906894683838 510
1644397749271 0.1415761560201645 511
1644397749291 0.1553865373134613 512
1644397749313 0.12977080047130585 513
1644397749338 0.13045728206634521 514
1644397749357 0.16214275360107422 515
1644397749376 0.13155090808868408 516
1644397749395 0.1393318921327591 517
1644397749417 0.15096837282180786 518
1644397749438 0.14840573072433472 519
1644397749458 0.1267867535352707 520
1644397749480 0.155313640832901 521
1644397749504 0.1291579008102417 522
1644397749527 0.13051734864711761 523
1644397749549 0.15613001585006714 524
1644397749571 0.14629799127578735 525
1644397749594 0.1404602974653244 526
1644397749617 0.14782056212425232 527
1644397749641 0.13977926969528198 528
1644397749664 0.14779001474380493 529
1644397749683 0.16446204483509064 530
1644397749704 0.15216094255447388 531
1644397749725 0.15936608612537384 532
1644397749748 0.1464664489030838 533
1644397749768 0.1404455602169037 534
1644397749787 0.1646617352962494 535
1644397749812 0.14147646725177765 536
1644397749833 0.13574917614459991 537
1644397749852 0.12208452820777893 538
1644397749875 0.14115139842033386 539
1644397749897 0.13935427367687225 540
1644397749918 0.15011273324489594 541
1644397749940 0.14005525410175323 542
1644397749960 0.15354280173778534 543
1644397749983 0.14184638857841492 544
1644397750004 0.1382400095462799 545
1644397750025 0.1540028303861618 546
1644397750048 0.1446738988161087 547
1644397750064 0.16884039342403412 548
1644397750081 0.1627505123615265 549
1644397750101 0.13221880793571472 550
1644397750124 0.13630224764347076 551
1644397750142 0.18035250902175903 552
1644397750161 0.13236990571022034 553
1644397750180 0.1282123178243637 554
1644397750199 0.13444672524929047 555
1644397750218 0.13983185589313507 556
1644397750237 0.15668635070323944 557
1644397750259 0.13767267763614655 558
1644397750283 0.1456339955329895 559
1644397750305 0.15350425243377686 560
1644397750328 0.14393436908721924 561
1644397750346 0.12058702111244202 562
1644397750365 0.13849955797195435 563
1644397750387 0.1610051989555359 564
1644397750411 0.14805424213409424 565
1644397750435 0.15158629417419434 566
1644397750455 0.14562033116817474 567
1644397750474 0.13617385923862457 568
1644397750495 0.16286039352416992 569
1644397750516 0.14188294112682343 570
1644397750540 0.1398262083530426 571
1644397750563 0.16478587687015533 572
1644397750586 0.13279123604297638 573
1644397750611 0.13870219886302948 574
1644397750632 0.1345246434211731 575
1644397750653 0.14083853363990784 576
1644397750674 0.13923081755638123 577
1644397750692 0.13587838411331177 578
1644397750712 0.13010406494140625 579
1644397750734 0.13702493906021118 580
1644397750756 0.1430792659521103 581
1644397750780 0.1484413594007492 582
1644397750798 0.13888512551784515 583
1644397750823 0.14191752672195435 584
1644397750845 0.1489073783159256 585
1644397750867 0.14887572824954987 586
1644397750888 0.1599075049161911 587
1644397750913 0.1357206404209137 588
1644397750935 0.14152957499027252 589
1644397750955 0.125383660197258 590
1644397750974 0.13318724930286407 591
1644397750994 0.1294417530298233 592
1644397751014 0.1369059532880783 593
1644397751038 0.1296285092830658 594
1644397751065 0.13174010813236237 595
1644397751086 0.1277797818183899 596
1644397751111 0.1345820426940918 597
1644397751134 0.1380636841058731 598
1644397751155 0.14230136573314667 599
1644397751178 0.13869036734104156 600
1644397751201 0.1305403709411621 601
1644397751224 0.1434134691953659 602
1644397751248 0.13850997388362885 603
1644397751272 0.14624395966529846 604
1644397751292 0.14210975170135498 605
1644397751310 0.15440380573272705 606
1644397751330 0.1344907432794571 607
1644397751348 0.15619602799415588 608
1644397751368 0.13357055187225342 609
1644397751393 0.15170170366764069 610
1644397751419 0.13714094460010529 611
1644397751443 0.16179724037647247 612
1644397751465 0.1562056839466095 613
1644397751488 0.12950089573860168 614
1644397751514 0.1504712700843811 615
1644397751535 0.12912586331367493 616
1644397751558 0.15259648859500885 617
1644397751581 0.13031357526779175 618
1644397751601 0.1511012762784958 619
1644397751622 0.12670020759105682 620
1644397751640 0.13145038485527039 621
1644397751663 0.15261778235435486 622
1644397751686 0.1424323171377182 623
1644397751705 0.13745945692062378 624
1644397751721 0.14432448148727417 625
1644397751741 0.1388612687587738 626
1644397751764 0.14036792516708374 627
1644397751788 0.13270148634910583 628
1644397751813 0.15470834076404572 629
1644397751840 0.14841151237487793 630
1644397751864 0.1641840785741806 631
1644397751885 0.15039831399917603 632
1644397751910 0.14805901050567627 633
1644397751929 0.13747169077396393 634
1644397751953 0.14559167623519897 635
1644397751974 0.1442061811685562 636
1644397751996 0.12115411460399628 637
1644397752020 0.12437288463115692 638
1644397752044 0.1429341584444046 639
1644397752068 0.15319618582725525 640
1644397752090 0.14931166172027588 641
1644397752109 0.15993691980838776 642
1644397752129 0.14556115865707397 643
1644397752147 0.1240725889801979 644
1644397752168 0.16783379018306732 645
1644397752189 0.17246660590171814 646
1644397752208 0.1561325192451477 647
1644397752229 0.14331665635108948 648
1644397752249 0.1579480618238449 649
1644397752271 0.15093761682510376 650
1644397752293 0.1459791511297226 651
1644397752315 0.16456440091133118 652
1644397752335 0.15624286234378815 653
1644397752355 0.1405981183052063 654
1644397752375 0.1546521782875061 655
1644397752395 0.14034926891326904 656
1644397752419 0.17352783679962158 657
1644397752440 0.1495562195777893 658
1644397752459 0.13591144979000092 659
1644397752481 0.14734670519828796 660
1644397752505 0.1531001627445221 661
1644397752528 0.15765413641929626 662
1644397752553 0.1352413147687912 663
1644397752580 0.14587602019309998 664
1644397752604 0.15263837575912476 665
1644397752624 0.12509746849536896 666
1644397752645 0.14519129693508148 667
1644397752671 0.1336960345506668 668
1644397752695 0.13863977789878845 669
1644397752713 0.15564073622226715 670
1644397752730 0.13929206132888794 671
1644397752754 0.14994217455387115 672
1644397752774 0.14306630194187164 673
1644397752796 0.147335946559906 674
1644397752814 0.13240636885166168 675
1644397752834 0.12615938484668732 676
1644397752856 0.13655954599380493 677
1644397752874 0.12897513806819916 678
1644397752895 0.1496340036392212 679
1644397752918 0.13950970768928528 680
1644397752948 0.1341273933649063 681
1644397752967 0.14433567225933075 682
1644397752990 0.15455667674541473 683
1644397753013 0.12670870125293732 684
1644397753032 0.18024006485939026 685
1644397753053 0.15761736035346985 686
1644397753076 0.1466703861951828 687
1644397753097 0.15358978509902954 688
1644397753121 0.1487904042005539 689
1644397753143 0.14969491958618164 690
1644397753162 0.13570329546928406 691
1644397753184 0.14374478161334991 692
1644397753205 0.15333543717861176 693
1644397753231 0.15271389484405518 694
1644397753255 0.15412048995494843 695
1644397753275 0.14678044617176056 696
1644397753292 0.15144623816013336 697
1644397753313 0.14210087060928345 698
1644397753335 0.15655085444450378 699
1644397753358 0.1363377869129181 700
1644397753375 0.15906138718128204 701
1644397753394 0.1729590743780136 702
1644397753417 0.12630343437194824 703
1644397753443 0.13961613178253174 704
1644397753462 0.14569386839866638 705
1644397753482 0.1267877221107483 706
1644397753505 0.1406366378068924 707
1644397753536 0.15832653641700745 708
1644397753596 0.12949427962303162 709
1644397753633 0.13065634667873383 710
1644397753657 0.15631796419620514 711
1644397753682 0.18204785883426666 712
1644397753709 0.13370345532894135 713
1644397753744 0.131489098072052 714
1644397753804 0.14259885251522064 715
1644397753855 0.16296742856502533 716
1644397753890 0.18114295601844788 717
1644397753923 0.15206903219223022 718
1644397753949 0.13987883925437927 719
1644397753968 0.1352931261062622 720
1644397753987 0.12877750396728516 721
1644397754006 0.12283488363027573 722
1644397754024 0.144974023103714 723
1644397754049 0.15247659385204315 724
1644397754072 0.13714152574539185 725
1644397754095 0.10855075716972351 726
1644397754118 0.13948285579681396 727
1644397754137 0.14974765479564667 728
1644397754154 0.14777489006519318 729
1644397754179 0.14430855214595795 730
1644397754200 0.13982337713241577 731
1644397754217 0.15357452630996704 732
1644397754234 0.15331226587295532 733
1644397754250 0.15559937059879303 734
1644397754271 0.14550401270389557 735
1644397754294 0.14831560850143433 736
1644397754316 0.1285715252161026 737
1644397754335 0.13735897839069366 738
1644397754354 0.13051246106624603 739
1644397754373 0.12923580408096313 740
1644397754396 0.14850562810897827 741
1644397754417 0.15890242159366608 742
1644397754438 0.15519940853118896 743
1644397754461 0.1638069599866867 744
1644397754485 0.15656915307044983 745
1644397754508 0.1394875943660736 746
1644397754530 0.15295733511447906 747
1644397754555 0.17074260115623474 748
1644397754577 0.15424329042434692 749
1644397754602 0.12913361191749573 750
1644397754628 0.1446659117937088 751
1644397754653 0.14370961487293243 752
1644397754675 0.14238576591014862 753
1644397754697 0.13075630366802216 754
1644397754722 0.15506663918495178 755
1644397754750 0.14560803771018982 756
1644397754774 0.1384711116552353 757
1644397754799 0.12998180091381073 758
1644397754817 0.14869703352451324 759
1644397754838 0.12074588984251022 760
1644397754863 0.14379209280014038 761
1644397754885 0.14103753864765167 762
1644397754910 0.14861208200454712 763
1644397754935 0.12667369842529297 764
1644397754957 0.1426440179347992 765
1644397754976 0.12887029349803925 766
1644397754995 0.1313711404800415 767
1644397755015 0.15590080618858337 768
1644397755040 0.1510225534439087 769
1644397755061 0.15457172691822052 770
1644397755084 0.14521250128746033 771
1644397755107 0.14936131238937378 772
1644397755128 0.12161430716514587 773
1644397755150 0.13766174018383026 774
1644397755171 0.15892837941646576 775
1644397755188 0.14188772439956665 776
1644397755207 0.13904060423374176 777
1644397755227 0.14100368320941925 778
1644397755247 0.16081169247627258 779
1644397755269 0.1297488659620285 780
1644397755291 0.13972212374210358 781
1644397755311 0.1429629772901535 782
1644397755332 0.14101377129554749 783
1644397755353 0.14946457743644714 784
1644397755374 0.13904672861099243 785
1644397755397 0.12320252507925034 786
1644397755418 0.1258370727300644 787
1644397755439 0.1567620038986206 788
1644397755458 0.1676032990217209 789
1644397755479 0.1369808316230774 790
1644397755503 0.14311933517456055 791
1644397755523 0.14358803629875183 792
1644397755542 0.12544959783554077 793
1644397755565 0.14521189033985138 794
1644397755583 0.1425580382347107 795
1644397755607 0.14665746688842773 796
1644397755630 0.12731677293777466 797
1644397755648 0.1523280292749405 798
1644397755669 0.167297825217247 799
